14,14
15,14
15,15
16,13
16,14
16,15
16,16
17,12
17,13
17,14
17,15
17,16
17,17
18,11
18,12
18,13
18,14
18,15
18,16
18,17
18,18
19,11
19,12
19,13
19,14
19,15
19,16
19,17
19,18
19,19
20,10
20,11
20,12
20,13
20,14
20,15
20,16
20,17
20,18
20,19
20,20
21,9
21,10
21,11
21,12
21,13
21,14
21,15
21,16
21,17
21,18
21,19
22,9
22,10
22,11
22,12
22,13
22,14
22,15
22,16
22,17
22,18
23,9
23,10
23,11
23,12
23,13
23,14
23,15
23,16
23,17
24,8
24,9
24,10
24,11
24,12
24,13
24,14
24,15
24,16
24,17
25,8
25,9
25,10
25,11
25,12
25,13
25,14
25,15
25,16
26,8
26,9
26,10
26,11
26,12
26,13
26,14
26,15
26,16
27,8
27,9
27,10
27,11
27,12
27,13
27,14
27,15
28,7
28,8
28,9
28,10
28,11
28,12
28,13
28,14
28,15
29,7
29,8
29,9
29,10
29,11
29,12
29,13
29,14
29,15
30,7
30,8
30,9
30,10
30,11
30,12
30,13
30,14
30,15
31,7
31,8
31,9
31,10
31,11
31,12
31,13
31,14
31,15
32,7
32,8
32,9
32,10
32,11
32,12
32,13
32,14
32,15
33,7
33,8
33,9
33,10
33,11
33,12
33,13
33,14
33,15
34,7
34,8
34,9
34,10
34,11
34,12
34,13
34,14
34,15
35,7
35,8
35,9
35,10
35,11
35,12
35,13
35,14
35,15
36,7
36,8
36,9
36,10
36,11
36,12
36,13
36,14
36,15
37,8
37,9
37,10
37,11
37,12
37,13
37,14
37,15
38,8
38,9
38,10
38,11
38,12
38,13
38,14
38,15
38,16
39,8
39,9
39,10
39,11
39,12
39,13
39,14
39,15
39,16
40,8
40,9
40,10
40,11
40,12
40,13
40,14
40,15
40,16
40,17
41,9
41,10
41,11
41,12
41,13
41,14
41,15
41,16
41,17
42,9
42,10
42,11
42,12
42,13
42,14
42,15
42,16
42,17
42,18
43,9
43,10
43,11
43,12
43,13
43,14
43,15
43,16
43,17
43,18
43,19
44,10
44,11
44,12
44,13
44,14
44,15
44,16
44,17
44,18
44,19
44,20
45,11
45,12
45,13
45,14
45,15
45,16
45,17
45,18
45,19
46,11
46,12
46,13
46,14
46,15
46,16
46,17
46,18
47,12
47,13
47,14
47,15
47,16
47,17
48,13
48,14
48,15
48,16
49,14
49,15
50,14
14,50
15,49
15,50
16,48
16,49
16,50
16,51
17,47
17,48
17,49
17,50
17,51
17,52
18,46
18,47
18,48
18,49
18,50
18,51
18,52
18,53
19,45
19,46
19,47
19,48
19,49
19,50
19,51
19,52
19,53
20,44
20,45
20,46
20,47
20,48
20,49
20,50
20,51
20,52
20,53
20,54
21,45
21,46
21,47
21,48
21,49
21,50
21,51
21,52
21,53
21,54
21,55
22,46
22,47
22,48
22,49
22,50
22,51
22,52
22,53
22,54
22,55
23,47
23,48
23,49
23,50
23,51
23,52
23,53
23,54
23,55
24,47
24,48
24,49
24,50
24,51
24,52
24,53
24,54
24,55
24,56
25,48
25,49
25,50
25,51
25,52
25,53
25,54
25,55
25,56
26,48
26,49
26,50
26,51
26,52
26,53
26,54
26,55
26,56
27,49
27,50
27,51
27,52
27,53
27,54
27,55
27,56
28,49
28,50
28,51
28,52
28,53
28,54
28,55
28,56
28,57
29,49
29,50
29,51
29,52
29,53
29,54
29,55
29,56
29,57
30,49
30,50
30,51
30,52
30,53
30,54
30,55
30,56
30,57
31,49
31,50
31,51
31,52
31,53
31,54
31,55
31,56
31,57
32,49
32,50
32,51
32,52
32,53
32,54
32,55
32,56
32,57
33,49
33,50
33,51
33,52
33,53
33,54
33,55
33,56
33,57
34,49
34,50
34,51
34,52
34,53
34,54
34,55
34,56
34,57
35,49
35,50
35,51
35,52
35,53
35,54
35,55
35,56
35,57
36,49
36,50
36,51
36,52
36,53
36,54
36,55
36,56
36,57
37,49
37,50
37,51
37,52
37,53
37,54
37,55
37,56
38,48
38,49
38,50
38,51
38,52
38,53
38,54
38,55
38,56
39,48
39,49
39,50
39,51
39,52
39,53
39,54
39,55
39,56
40,47
40,48
40,49
40,50
40,51
40,52
40,53
40,54
40,55
40,56
41,47
41,48
41,49
41,50
41,51
41,52
41,53
41,54
41,55
42,46
42,47
42,48
42,49
42,50
42,51
42,52
42,53
42,54
42,55
43,45
43,46
43,47
43,48
43,49
43,50
43,51
43,52
43,53
43,54
43,55
44,44
44,45
44,46
44,47
44,48
44,49
44,50
44,51
44,52
44,53
44,54
45,45
45,46
45,47
45,48
45,49
45,50
45,51
45,52
45,53
46,46
46,47
46,48
46,49
46,50
46,51
46,52
46,53
47,47
47,48
47,49
47,50
47,51
47,52
48,48
48,49
48,50
48,51
49,49
49,50
50,50
41,30
41,31
41,32
41,33
41,34
42,29
42,30
42,31
42,32
42,33
42,34
42,35
43,28
43,29
43,30
43,31
43,32
43,33
43,34
43,35
43,36
44,28
44,29
44,30
44,31
44,32
44,33
44,34
44,35
44,36
45,28
45,29
45,30
45,31
45,32
45,33
45,34
45,35
45,36
46,28
46,29
46,30
46,31
46,32
46,33
46,34
46,35
46,36
47,28
47,29
47,30
47,31
47,32
47,33
47,34
47,35
47,36
48,29
48,30
48,31
48,32
48,33
48,34
48,35
49,30
49,31
49,32
49,33
49,34
15,30
15,31
15,32
15,33
15,34
16,29
16,30
16,31
16,32
16,33
16,34
16,35
17,28
17,29
17,30
17,31
17,32
17,33
17,34
17,35
17,36
18,28
18,29
18,30
18,31
18,32
18,33
18,34
18,35
18,36
19,28
19,29
19,30
19,31
19,32
19,33
19,34
19,35
19,36
20,28
20,29
20,30
20,31
20,32
20,33
20,34
20,35
20,36
21,28
21,29
21,30
21,31
21,32
21,33
21,34
21,35
21,36
22,29
22,30
22,31
22,32
22,33
22,34
22,35
23,30
23,31
23,32
23,33
23,34
45,45
46,44
46,45
46,46
47,44
47,45
47,46
47,47
48,44
48,45
48,46
48,47
48,48
49,44
49,45
49,46
49,47
49,48
49,49
50,45
50,46
50,47
50,48
50,49
50,50
51,46
51,47
51,48
51,49
13,46
13,47
13,48
13,49
14,45
14,46
14,47
14,48
14,49
14,50
15,44
15,45
15,46
15,47
15,48
15,49
16,44
16,45
16,46
16,47
16,48
17,44
17,45
17,46
17,47
18,44
18,45
18,46
19,45
45,19
46,18
46,19
46,20
47,17
47,18
47,19
47,20
48,16
48,17
48,18
48,19
48,20
49,15
49,16
49,17
49,18
49,19
49,20
50,14
50,15
50,16
50,17
50,18
50,19
51,15
51,16
51,17
51,18
13,15
13,16
13,17
13,18
14,14
14,15
14,16
14,17
14,18
14,19
15,15
15,16
15,17
15,18
15,19
15,20
16,16
16,17
16,18
16,19
16,20
17,17
17,18
17,19
17,20
18,18
18,19
18,20
19,19
